1006.02
239.403
1749.66
511.657
1737.25
451.258
1237.52
510.31
1640.11
716.799
1037.72
1296.68
1357.07
321.178
1600.9
1101.84
1727.53
1911.12
1045.78
1506.83
1783.33
890.04
1968.69
633.724
265.054
1616.97
1625.41
1144.7
1918.69
1506.17
1000.55
841.402
1103.53
764.525
1613.77
1894.11
881.156
1202.27
931.742
917.128
1687.38
1350.51
1447.55
1523.31
1919.46
1444.26
1890.11
915.306
708.535
1175.67
1657.65
1743.06
925.778
1255.37
1493.24
962.526
1424.02
1502.48
1210.87
1650.07
1303.96
1578.13
1269.7
1476.4
244.501
284.429
1489.46
237.458
1305.25
1196.34
1344.77
1111.39
1003.76
221.999
1173.73
540.63
645.953
1920.41
1558.06
993.532
496.839
1271.29
1330.51
1375.22
1477.92
1324.58
1242.37
1240.24
1858.23
1713.84
1235.91
1696.08
1667.29
405.492
1096.84
1270.36
1936.4
238.29
1600.3
443.991
1877.17
1147.52
1257.98
319.694
316.772
1121.1
1304.29
1879.63
1557.46
1438.14
442.539
572.891
1513.5
360.767
264.347
1062.7
1603.4
747.434
1587.33
1822.14
793.014
220.839
1223.81
1035.04
1243.72
1197.76
1578.73
218.355
140.154
1787.69
1456.8
1949.86
1178.37
1663.79
1795.57
1445.06
1677.71
509.365
1539.64
928.077
1344.18
1125.2
186.229
1553.11
314.793
552.644
1369.85
413.486
1164.17
477.265
461.158
1956.96
887.928
1013.6
1642.19
1143.36
243.636
1832.51
1612.65
1783.04
283.471
1217.26
1776.43
1646.48
1437.19
1617.64
1379.68
1538.97
1255.5
1286.68
1835.52
961.533
1485.41
1856.43
829.865
1742.02
877.936
1656.42
1467.54
1641.02
1399.72
1870.1
1205.93
1381.35
1425.61
1100.45
1404.76
69.7568
1513.8
929.473
1142.71
663.553
445.271
1277.78
1564.91
761.302
723.586
743.303
549.713
1787.72
885.336
1938.72
1609.74
1621.12
1448.34
1423.52
1312.04
1612.42
1655.38
1157.7
1823.41
1376.55
1223.49
1479.74
750.226
161.361
1918.29
1775.57
552.418
1793.48
243.731
1457.49
1541.53
520.346
735.164
1658.99
488.087
1762.59
1484.54
1736.89
1856.66
1216.81
1689.46
1561.37
261.583
1710.15
1788.17
1015.06
1296.25
1287.28
1270.75
1947.16
1449.25
1646.33
1240.05
1497.65
1872.98
1494.95
1479.3
1740.85
1087.55
1804.37
1352.54
1145.38
705.356
382.505
1105.29
1748.41
1370.07
1425.09
1124.1
599.198
1379.4
394.892
1105.36
1621.46
1517.35
1960.9
1263.51
1795.32
1170.41
1197.87
1940.45
265.37
499.507
1690.78
1884.04
281.228
1057.63
1146.12
1262.14
1315.84
1175.58
1744.94
1300.71
1852.59
1873.12
1666.24
1687.66
1430.35
343.659
1032.46
1375.59
1379.21
495.942
1789.51
1114.05
1435.02
378.59
1637.85
1034.04
1381.49
1615.69
1003.36
1545.92
828.205
1477.94
1564.1
1516.97
1372.73
723.211
1510.35
189.743
1088.54
896.559
1481.7
1375.84
838.206
1456.65
1286.47
1098.29
1758.88
253.639
1517.34
1366.07
1253.91
617.849
220.959
1827.45
1569.34
1397.6
1272.71
1848.07
1896.06
1765.03
1854.49
1859.67
475.83
1079.7
1379.4
933.943
272.02
1028.22
1142.36
1657.99
265.638
1862.35
1077.24
1047.99
1287.95
1796.9
1499.74
1557.54
1648.28
1418.78
1851.21
1471.25
1740.06
693.069
1663.88
1425.69
1213.88
970.718
1695.73
393.297
1444.51
900.602
1772.29
1236.19
695.976
1440.26
1195.01
1765.53
1823.29
740.22
996.201
798.553
1020.22
1642.73
488.434
1126.09
350.261
775.588
1363.36
1465.69
237.099
1318.89
1997.04
1873.85
1059.19
1609.06
324.981
1643.81
1699.92
1513.96
1305.4
164.998
931.1
791.518
1739.86
648.383
1524.59
1517.24
770.188
1256.59
391.329
1694.22
1482.28
1249.56
272.005
1512.2
1588.31
1688.88
572.418
1603.51
870.148
182.026
729.547
1947.15
1289.37
1251.15
1342.7
1035.42
1252.85
1282.08
1177.64
1151.77
1366.3
1965.5
265.537
310.209
1546.29
313.78
1647.04
1276.56
1499.58
258.105
1092.6
1578.55
1186.2
1254.53
589.11
1179.45
1692.45
615.232
432.92
1373.73
1526.04
1524.44
763.668
1668.52
744.332
1238.6
547.949
164.075
1091.94
1442.42
1567.84
882.103
464.139
1688.62
1560.67
1180.08
1660.64
1746.67
1169.58
1774.33
258.896
557.542
1732.37
203.069
320.281
297.403
1711.95
1748.64
22.2159
1970.74
872.002
1278.94
718.623
1554.02
220.831
156.196
1117.83
546.183
1233.73
1487.71
1893.27
390.694
338.511
1065.24
1054.39
305.726
1362.16
1643.44
1613.17
1097.22
119.962
1254.98
945.542
1583.09
1575.53
1256.93
1020.18
1658.46
281.843
1754.86
1618.88
980.609
1838.97
1025.29
1384.38
1729
199.02
1780.31
1371.66
310.371
1152.57
1559.87
608.132
832.877
852.278
1330.05
1612.58
1323.97
1684.39
1741.24
759.407
163.696
1472.85
863.995
1808.6
1807.06
1221.08
1333.08
1592.3
431.364
1307.21
1134.04
1509.88
1041.45
536.574
1215.96
1196.53
996.66
1602.43
203.911
1626.33
1125.9
1289.96
1567.07
1728.7
852.467
607.695
1797.39
473.696
1321.88
1493.51
198.528
1997.33
980.37
795.773
1410.51
1438.5
1438.45
1428.46
1110.16
1119.64
1060.25
848.03
1907.56
1143.67
213.366
1514.1
1905.04
1509.3
422.812
1810.43
1162.03
1796.71
481.465
690.816
236.152
1253.84
1522.71
566.41
932.658
1558.71
1424.47
1144.34
324.038
1006.34
937.835
1212.82
927.419
1892.45
1912.03
1917.14
1709.37
1581.5
1643.17
1697.86
1510.12
1018.75
495.185
899.619
1831.85
1092.35
172.303
1381.82
1625.35
199.176
1459.14
1614.67
177.748
457.412
1931.44
1019.88
1611.14
1912.36
1794.85
445.943
1548.74
1401.98
1564.16
1170.83
1804.79
417.826
1924.99
119.964
1166.49
1605.14
176.691
1078.38
675.734
1073.95
1457.8
1118.87
1343.15
1154.49
1448.83
1199.69
1429.94
1434.04
1795.4
1395.59
953.797
1608.3
350.263
1835.07
788.056
979.244
1527.08
1843.84
262.878
1002.21
1895.65
1306.97
1288.34
819.866
277.344
1506.71
314.927
1647.91
1399.59
1413.64
944.534
753.585
1372.94
298.465
677.608
214.791
962.753
1751.16
427.301
1793.54
1280.01
310.716
1163.84
1703.33
147.632
1310.77
1573.15
846.35
1294.34
1613.8
357.135
956.319
1069.09
1722.51
1323.68
1057.46
548.924
1098.76
243.922
1374.57
763.482
946.191
1815.82
1375.43
1682.55
1788.02
1197.96
1536.93
1145.67
1272.97
860.402
1097.88
1359.83
1358.05
331.589
1418.02
1494.09
1543.92
950.823
1300.78
1239.94
1349
981.301
1632.57
426.057
1089.86
333.175
909.45
1460.5
1512.39
1150.03
787.123
587.21
1631.58
1562.96
1402.93
1220.79
374.334
1632.93
1770.41
1229.95
307.867
1213.63
1553.45
495.209
1870.22
1252.23
1141.77
800.821
688.209
1757.61
1920.02
1394.71
1315.85
391.511
1226.39
1757.81
1477.02
1861.03
1751.6
1241.96
1484.66
295.733
1871.59
1061.43
1474.45
1519.49
1257.07
220.835
1509.48
247.767
1761.56
1282.97
472.644
1202.17
1227.83
196.905
457.117
1527.24
1232.79
1265.31
445.243
1173.52
1548.21
219.317
1122.76
1178.61
1475.96
1837.45
1284.92
1489.25
1279.4
1055.92
383.5
1625.53
1171.01
238.078
1573.45
1388.1
1668.45
1722.31
1309.92
1386.56
1699.56
1608.64
859.985
1690.01
1053.99
1993.84
1652.39
183.239
1793.52
1406.82
259.104
1031.31
831.676
529.11
1610.22
1661.76
924.205
1509.61
1362.09
1756.58
1707.67
1342.1
1626.72
1529.06
1251.43
1390.25
1192.18
1618.47
1343.11
1281.37
853.932
1540.09
894.179
1029.99
577.607
611.092
1720.28
1092.29
1434.39
180.162
1865.79
1689.65
1645.49
1083.34
605.456
1714.34
1457.01
1238.97
583.771
197.866
1074.7
1581.68
1423.61
1404.11
292.397
1479.31
1557.7
1036.55
1679.96
1338.33
260.538
1064.47
271.525
1079.58
1249.42
1442.27
1663.47
949.645
1618.06
1624.61
809.37
1427.81
1322.49
1267.27
822.876
1702.3
1503.31
232.364
902.828
1316.93
1684.61
1539.52
1766.3
1951.85
876.417
1310.91
1249
1596.71
340.114
1388.89
1780.33
1278.01
1328.09
202.749
418.943
1583.64
1458.57
1164.53
1383.53
1248.85
1494.71
1768.31
398.921
1636.34
1555.17
838.91
1490.23
1393.57
1400.4
436.704
865.09
1533.42
45.8818
1453.71
998.773
168.446
1276.29
1284.84
1514.06
1296.95
1873.1
734.204
1052.68
1412.5
1583.94
746.685
234.865
1645.12
246.228
1113.76
1362.11
1177.37
953.389
1001.48
1823.21
1437.66
591.158
1374.61
1279.42
1267.61
967.932
1644.61
1040.13
1708.11
1512.09
234.604
1571.5
1182.96
1448.33
1925.83
1009.79
1078.47
1397.05
1296.39
653.302
1117.42
375.974
1660.09
1171.44
1156.42
1694.03
1350.18
706.442
1934.61
1747.74
224.158
1799.15
1423.62
525.357
1443.01
1202.02
1223.49
1031.73
1437.19
1531.17
1273.17
1092.73
393.319
594.836
1807.99
182.663
726.815
858.046
1938.93
1298.03
1599.85
1264.08
1881.45
1439.43
1061.37
1679
1108.8
1761.7
1114.21
1191.73
1516.01
1768.85
1211.31
1374.08
1672.99
1900.76
1318.21
1652.03
1563.47
1503.65
1413.05
1171.42
884.153
1827.02
1121.53
229.218
819.77
1545.82
689.628
1487.53
1718.4
1257.42
1108.08
936.524
172.782
228.386
299.814
182.746
1797.97
834.658
1599.84
1761.74
1706.63
1234.87
1549.83
1616.18
470.064
1557.48
1404.6
1077.64
657.541
1496.06
667.064
1539.09
1683.13
659.488
244.474
1563.27
1300.55
1617.08
1479.17
28.8732
215.831
1815.7
264.511
972.137
1842.33
1606.6
1439.41
1296.55
1680.56
1690.19
1902.78
397.145
1287.8
247.537
783.197
1348.06
245.388
1425.53
1550.48
994.362
394.272
1599.9
1461.54
149.691
1438.15
1800.36
1784.54
1222.73
1267.9
1799.84
1398.5
985.183
1678.47
1618.73
1317
869.538
222.5
1471.62
1002.65
1201.89
1624.55
1493.16
1707.25
1713.62
1782.47
1109.04
1213.48
1795.74
1832.08
504.105
1348.81
638.024
848.747
1496.95
550.002
1168.3
692.437
1386.02
1492.11
1702.34
1384.64
1431.56
461.541
714.801
1861.66
1482.81
1890.92
259.252
1012.14
1531.21
1464.11
1257.9
953.267
1452.25
1241.39
1374.38
1720.51
528.218
1514.5
1765.21
450.26
258.578
1736.87
1653.86
1439.74
1812.62
1805.44
1420.83
1188.73
1798.22
1517.79
257.493
1278.37
1338.56
1596.32
1587.14
627.411
1224.03
1606.91
350.288
1316.09
976.278
1399.83
869.041
1456.48
1559.58
1821.78
1428.4
1672.34
267.552
1629.78
1061.69
422.752
611.982
1423.44
1310.93
1074.38
1301.22
1840.21
925.578
1017.51
760.423
1494.15
1180.73
1118.15
1485.75
1622.69
1996.91
1932.55
1506.01
1481.01
1690.34
1644.71
795.077
1018.19
401.312
1215.65
1381.04
1609.48
769.617
1969.79
555.531
1561.6
881.322
405.4
1594.16
821.077
1343.98
758.302
497.869
1566.91
834.612
1278.37
1283.23
313.502
1381.16
1115.33
1621.58
1722.56
1036.72
1611.76
351.615
1473.12
382.79
198.487
1412.79
1178.68
1225.52
1681.39
186.882
1477.06
1028.37
1463.44
154.092
1816.66
1196.25
713.335
951.943
152.557
1031.95
1641.26
1500.81
1726.36
337.307
1131.99
1457.24
1769.58
1980.77
904.264
217.975
1268.38
158.245
597.763
1521.28
1469.83
1221.24
1329.55
1496.71
497.938
1184.69
1689.35
1265.18
994.097
1225.03
1654.7
755.264
512.213
1485.19
1038.11
1653.82
1485.53
897.663
743.323
1631.44
1817.26
1196.78
1118.55
785.552
1201.29
1348.64
1081.58
1169.54
1538.82
1163.34
1016.11
1616.82
1121.99
1504.56
1712.06
779.47
1400.24
937
1427.11
1827.76
172.175
1538.08
486.729
1298.64
1516.56
1446.7
923.928
1968.31
1412.72
357.969
1641.29
332.753
1531.98
1041.05
1479.42
371.183
1976.53
833.113
1573.32
639.52
1369.92
1282.96
251.309
1052.33
1247.95
1330.97
1676.73
1192.38
235.108
1060.67
764.58
1270.64
1224.13
1563.13
1368.56
1409.16
1182.19
460.995
1618.55
676.292
462.766
906.4
1240.43
1674.81
1427.88
1341.94
1262.61
1471.61
1341.24
1067.85
1523.54
1548.38
1346.49
1387.39
1199.16
1185.3
851.497
1313.72
1744.93
976.977
1791.64
1372.51
1400.5
1858.55
1111.2
675.516
1615.17
928.806
1633.64
1565.67
1587.83
436.22
1031.91
1826.01
1392.07
441.154
1111.84
1564.35
1855.46
384.362
1389.87
1406.5
715.404
1521.02
1537.89
1481.08
1746.35
1464.28
786.68
163.871
1006.75
1168.77
1694.95
262.69
588.75
1628.1
1474.35
1868.93
305.829
1233.71
1172.57
1326.68
1658.89
960.887
1421.48
1811.31
1661.58
1374.57
910.32
1748.24
1435.69
1117.52
1450.72
596.155
1495.67
1235.11
231.414
1109.72
1525.08
1403.09
1419.95
434.474
1823.26
1220.93
1487.05
1819.58
986.665
1901.75
1465.48
879.891
1719.2
1282.23
1104.37
1779.14
1796.29
247.288
1623.23
1778.25
1210.56
437.466
573.642
1850.43
1477.06
932.008
1468.48
1123.84
904.968
1551.98
1583.05
1506.17
1192.36
1942.8
1719.86
1356.6
1089.25
259.295
1228.91
1395.09
951.335
863.868
899.744
1827.66
1812.71
1630.25
438.853
1587.4
1126.51
993.121
1824.57
1535.2
1899.02
1391.39
1401.54
1395.14
1775.34
1588.11
1190.37
678.501
1796.3
1845.34
1810.69
1509.35
1712.5
1288.07
1195.49
1616.46
1365.25
363.723
1701.74
46.9174
1033.55
609.364
1620.79
1924.02
1419.21
180.767
1707.5
1682.96
1073.73
1919.11
1320.84
1252.35
331.364
1114.97
1614.25
1611.67
1353.84
1309.95
1188.56
1997.08
1788.72
1504.57
1190.05
1135.35
1646.38
1429.2
1512.33
1045.52
1582.36
1407
1600.16
724.42
1732.45
888.603
1017.11
1654.24
1658.1
724.386
1350.81
1867.67
1571.43
1238.66
1834.1
873.665
664.482
1529.64
1842.33
1518.23
358.02
547.135
1391.61
1896.94
1262.27
994.848
1802.45
1834.24
1647.35
250.857
1186.48
396.958
1641.04
23.4765
911.407
240.269
1825.14
1125.08
1031.2
1984.43
1657.4
1520.23
1298
1585.32
1477.92
1043.68
173.451
550.78
491.408
1781.63
257.345
1511.59
1206.12
1494.91
1681.11
1155.54
1221.92
1579.67
1548.1
561.433
1471.73
1466.12
908.336
1671.4
1561.92
396.035
1555.74
1035.07
1789.42
878.582
1400.76
1538.87
1823.6
969.339
1419.98
1702.37
1213.8
1637.15
1240.12
1224.23
1689.03
1366.08
1639.93
1552.54
1416.11
1322.35
1505.31
1849.38
313.554
1419.98
1145.45
1163.03
1411.68
1366.44
1165.54
1694.31
271.493
1500.37
1581.24
1117.83
1787.17
1768.51
1521.44
414.189
867.934
237.438
290.399
169.415
1055.11
1973.91
1512.84
234.162
1228.41
1017.42
154.13
1781.03
1400.22
1117.33
373.669
956.159
1955.92
1688.97
1486.84
1259.8
1552.29
226.64
1633.01
1016.01
1159.29
840.707
1505.83
945.76
836.276
1176.52
1835.59
541.256
1409.72
1551.94
1025.9
1806.95
1352.5
1851.44
505.365
1439.7
258.828
1161.93
1017.86
1109.95
1631.27
1257.48
439.45
1711.79
1761.16
832.515
992.087
1472.74
1199.26
1871.94
1079.54
1117.56
1618.88
1254.43
1476.74
1594.65
571.882
1603.54
1327.26
281.672
183.991
1026.56
1429.4
471.586
1221.02
1474.15
1130.85
1170.86
301.617
1145.07
1355.16
1866.63
1313.38
1109.47
907.888
255.634
502.687
982.823
914.216
179.754
1844.48
1936.63
238.035
1354.97
1522.3
1477.86
1689.4
1051.91
1543.69
1178.13
1467.25
1225.48
423.451
367.055
1390.67
968.796
595.765
1450.19
1149.05
1561
1807.88
51.517
164.859
1366.79
784.318
331.712
839.58
1031.19
297.793
1330.24
1444.55
1064.69
1495.89
1226.89
1715.95
282.095
308.71
1350.62
1670.84
862.725
268.784
1596.43
263.548
1240.01
77.5936
136.089
1346.5
1645.94
1092.63
1411.82
219.33
1397.69
893.195
893.261
436.724
1446.23
720.391
1175.51
264.726
1746.08
1885.48
269.569
1471.95
1846.97
1677.58
1530.18
1061.76
1416.5
587.037
1512.68
412.589
1485.72
1541.05
1701.97
1310.34
1499.12
1911.81
1774.56
1094.05
1620.78
1278.2
1406.74
407.647
1257.13
450.734
1226.26
1694.2
994.441
1417.71
1596.27
1767.14
1509.89
1355.77
813.089
297.456
1860.12
893.42
225.291
1850.59
266.421
1204.79
1639.43
1350.73
155.51
1578.79
1610.65
1105.3
898.526
1292.41
204.517
380.937
1960.94
1516.67
1869.07
1873.81
190.44
1454.48
1630.51
1661.77
1736.31
757.952
986.872
883.732
1611.59
1337.96
1044.38
1774.86
1411.74
1481.31
1321.86
467.286
1409.86
1516.98
450.62
1496.38
1434.19
1521.02
1584.27
1910.77
312.922
1231.19
1333.19
1774.8
1875.37
615.397
860.508
1360.96
1035.36
1434.95
1461.28
264.151
418.167
1046.58
1205.23
402.693
1372.83
311.074
1227.04
1379.28
1766.29
1512.05
1287.54
1640.13
1656.94
331.592
1343.45
1127.9
924.78
1825.52
1581
1535.07
1525.78
1388.2
1117.12